91 0 3 0 6 0 15 1 5 1 9 1 12 1 16 1 18 2 2 2 7 2 11 3 1 3 5 3 10 3 13 3 17 3 19 4 6 4 9 4 12 4 14 4 16 4 18 5 1 5 2 5 8 5 11 5 15 6 0 6 4 6 7 6 13 6 17 6 19 7 2 7 5 7 11 7 15 8 0 8 3 8 12 8 16 9 7 9 9 9 11 10 3 10 6 10 10 10 17 11 2 11 11 11 15 12 0 12 4 12 7 12 12 12 16 12 18 13 2 13 11 13 15 14 1 14 3 14 7 14 10 14 13 14 19 15 3 15 4 15 6 15 8 15 12 15 15 15 18 16 0 16 2 16 5 16 9 16 16 17 3 17 7 17 11 17 15 18 1 18 5 18 9 18 13 18 17 18 19 19 3 19 7
0
0
0
0
0
0
0
0
0
0
0
0
0
0
0
0
0
0
0
0
0
0
0
0
0
0
0
0
0
0
0
0
0
0
0
0
0
0
0
0
0
0
0
0
0
0
0
0
0
0
0
0
0
0
0
0
0
0
0
0
0
