139 0 3 0 7 0 11 0 14 0 18 1 1 1 8 1 9 1 12 1 16 1 20 2 2 2 4 2 10 2 13 2 17 2 21 3 7 3 12 4 5 4 11 4 14 4 18 4 19 5 2 5 6 5 8 5 12 5 25 6 5 6 7 6 13 6 20 6 24 7 4 7 8 7 16 7 20 8 6 8 11 8 14 8 17 8 19 8 23 8 25 9 2 9 5 9 9 9 13 9 15 9 18 9 21 10 3 10 7 10 10 10 22 10 24 11 1 11 4 11 6 11 12 11 14 12 0 12 2 12 6 12 8 12 15 12 19 12 25 13 5 13 16 13 20 14 1 14 4 14 7 14 11 14 19 14 20 14 24 15 2 15 5 15 8 15 12 15 17 15 21 15 22 15 25 16 0 16 11 16 15 16 19 16 23 17 2 17 7 17 13 17 16 17 18 18 1 18 9 18 12 18 15 18 17 18 20 18 25 19 5 19 14 20 0 20 7 20 11 20 13 20 16 20 24 21 6 21 9 21 10 21 14 21 18 21 20 22 1 22 3 22 5 22 8 22 12 22 17 22 21 23 7 23 19 23 22 23 23 24 2 24 5 24 9 24 18 24 24 25 0 25 3 25 11 25 15 25 23
0
0
0
0
0
0
0
0
0
0
0
0
0
0
0
0
0
0
0
0
0
0
0
0
0
0
0
0
0
0
0
0
0
0
0
0
0
0
0
0
0
0
0
0
0
0
0
0
0
0
0
0
0
0
0
0
0
0
0
0
0
0
0
0
