181 0 6 0 25 1 4 1 8 1 12 1 14 1 16 1 18 1 20 1 22 1 24 2 2 2 9 2 11 2 15 2 23 3 0 3 7 3 9 3 17 3 22 3 25 3 27 4 2 4 6 4 7 4 10 4 11 4 15 4 21 5 1 5 4 5 10 5 12 5 14 5 16 5 22 6 2 6 6 6 9 6 13 6 17 6 19 6 21 7 0 7 3 7 5 7 8 7 11 7 15 7 19 7 20 7 25 7 27 8 2 8 6 8 9 8 17 8 23 9 10 9 12 9 16 9 20 9 26 10 2 10 6 10 9 10 13 10 17 10 21 10 22 10 26 11 5 11 8 11 25 12 1 12 9 12 13 12 17 12 21 12 25 13 10 13 12 13 20 13 22 13 26 14 1 14 5 14 9 14 13 14 17 14 19 14 23 14 26 15 0 15 3 15 7 15 8 15 11 15 15 15 19 15 21 15 25 16 2 16 5 16 13 16 14 16 17 16 18 16 23 17 2 17 4 17 8 17 12 17 16 17 20 17 22 17 25 17 27 18 1 18 5 18 9 18 13 18 15 18 23 18 26 19 3 19 11 19 17 19 21 20 0 20 9 20 13 20 15 20 19 20 22 20 26 21 2 21 4 21 8 21 12 21 20 21 24 21 25 22 5 22 9 22 13 22 15 22 18 22 22 22 27 23 3 23 7 23 11 23 15 23 17 23 19 24 0 24 2 24 9 24 10 24 13 24 14 24 20 24 24 25 1 25 8 25 19 25 23 26 3 26 6 26 10 26 14 26 18 26 23 27 1 27 4 27 8 27 19 27 25 27 27
0
0
0
0
0
0
0
0
0
0
0
0
0
0
0
0
0
0
0
0
0
0
0
0
0
0
0
0
0
0
0
0
0
0
0
0
0
0
0
0
0
0
0
0
0
0
0
0
0
0
0
0
0
0
0
0
0
0
0
0
0
0
0
0
0
0
0
0
0
0
0
0
0
0
0
0
0
0
0
0
0
0
0
0
0
0
0
0
0
0
