197 0 6 0 12 0 16 0 20 0 24 1 1 1 3 1 9 1 14 1 18 1 26 2 6 2 12 2 16 2 20 2 23 3 2 3 9 3 13 3 21 3 25 4 1 4 3 4 5 4 6 4 8 4 12 4 16 4 20 4 23 4 24 5 0 5 1 5 5 5 9 5 10 5 18 5 22 5 26 6 2 6 4 6 7 6 9 6 12 6 16 6 20 6 24 7 3 7 6 7 9 7 13 7 15 7 17 7 19 7 21 7 23 7 27 8 1 8 5 8 8 8 14 8 18 8 22 8 25 9 0 9 3 9 7 9 11 9 16 9 20 9 24 9 26 10 2 10 6 10 8 10 10 10 12 10 15 10 22 10 26 11 1 11 5 11 9 11 13 11 17 11 21 11 25 12 3 12 7 12 14 12 16 12 22 12 26 13 0 13 2 13 5 13 9 13 13 13 20 13 24 14 3 14 8 14 12 14 15 14 22 15 1 15 5 15 9 15 13 15 17 15 21 15 27 16 3 16 7 16 11 16 14 16 16 16 20 16 22 16 26 17 0 17 2 17 5 17 13 17 19 17 23 17 24 18 4 18 8 18 12 18 15 18 18 18 25 18 27 19 5 19 9 19 13 19 17 19 20 19 23 20 3 20 7 20 11 20 14 20 18 20 22 20 24 20 26 21 0 21 2 21 6 21 9 21 13 21 17 21 21 21 25 22 3 22 4 22 8 22 12 22 15 22 22 22 27 23 1 23 5 23 9 23 13 23 17 23 20 23 24 23 25 24 3 24 7 24 11 24 14 24 22 24 26 25 0 25 2 25 5 25 9 25 12 25 16 25 19 25 21 25 25 26 4 26 8 26 14 26 21 26 25 26 27 27 1 27 5 27 16 27 22 27 24
0
0
0
0
0
0
0
0
0
0
0
0
0
0
