116 0 3 0 7 0 11 0 15 1 1 1 2 1 5 1 9 1 13 1 17 1 18 2 6 2 8 2 11 2 12 2 15 2 19 3 2 3 5 3 9 3 10 3 16 3 18 4 1 4 7 4 8 4 12 4 15 5 2 5 4 5 6 5 10 5 13 5 17 5 19 6 0 6 4 6 8 6 11 6 15 7 2 7 5 7 6 7 9 7 12 7 16 7 18 8 3 8 7 8 11 8 15 9 2 9 5 9 6 9 9 9 10 9 13 9 17 9 19 10 4 10 8 10 12 10 15 11 1 11 2 11 6 11 9 11 10 11 16 11 18 12 3 12 4 12 7 12 11 12 12 12 15 13 1 13 2 13 5 13 9 13 13 13 17 13 19 14 0 14 4 14 7 14 8 14 11 14 15 15 2 15 6 15 12 15 16 15 18 16 0 16 3 16 4 16 7 16 8 16 11 16 15 17 1 17 5 17 9 17 13 17 17 17 19 18 7 18 11 18 15 18 19 19 1 19 5 19 9 19 13 19 17
0
0
0
0
0
0
0
0
0
0
0
0
0
0
0
0
0
0
0
0
0
0
0
0
0
0
0
0
0
0
0
0
0
0
0
0
0
0
0
0
0
0
0
0
0
0
0
0
0
0
0
0
0
0
0
0
0
0
0
0
0
0
0
0
0
0
0
0
0
0
