184 0 1 0 9 0 13 0 19 1 2 1 3 1 6 1 7 1 9 1 11 1 13 1 17 1 21 1 23 2 0 2 4 2 8 2 12 2 14 2 16 2 18 2 20 3 2 3 6 3 8 3 10 3 18 3 22 4 1 4 4 4 5 4 9 4 12 4 16 4 19 4 21 5 3 5 7 5 11 5 13 5 15 5 17 5 21 5 23 6 0 6 1 6 5 6 9 6 10 6 14 6 18 6 20 7 2 7 6 7 8 7 12 7 16 7 18 7 22 8 1 8 5 8 9 8 11 8 13 8 15 8 19 8 21 9 3 9 5 9 7 9 11 9 15 9 17 9 19 9 22 9 23 10 0 10 2 10 6 10 8 10 10 10 12 10 14 10 18 10 20 11 2 11 4 11 8 11 10 11 12 11 16 11 20 11 22 12 1 12 5 12 6 12 13 12 14 12 17 12 18 12 21 13 3 13 7 13 10 13 11 13 15 13 19 13 22 13 23 14 2 14 5 14 8 14 12 14 14 14 17 14 20 15 0 15 4 15 6 15 10 15 13 15 16 15 18 15 22 16 1 16 3 16 7 16 9 16 11 16 15 16 19 16 21 17 3 17 5 17 9 17 13 17 17 17 21 17 23 18 0 18 2 18 6 18 8 18 11 18 14 18 18 18 20 19 1 19 4 19 6 19 10 19 16 19 18 19 20 19 22 20 3 20 7 20 9 20 11 20 13 20 15 20 19 21 1 21 5 21 9 21 13 21 21 21 23 22 0 22 4 22 6 22 8 22 10 22 12 22 14 22 16 22 18 22 20 23 2 23 8 23 12 23 16 23 18 23 22
0
0
0
0
0
0
0
0
0
0
