132 0 1 0 9 0 12 0 16 0 19 1 3 1 11 1 14 1 18 1 21 2 1 2 4 2 8 2 9 2 13 2 19 3 2 3 6 3 10 3 12 3 15 3 17 3 20 4 4 4 8 4 9 4 12 4 18 5 5 5 7 5 11 5 15 5 17 5 19 5 21 6 1 6 5 6 9 6 13 6 16 7 0 7 2 7 4 7 6 7 8 7 10 7 12 7 18 7 22 8 3 8 7 8 11 8 14 8 20 9 1 9 5 9 9 9 13 9 15 9 19 10 3 10 6 10 12 10 16 10 18 11 0 11 2 11 5 11 8 11 10 11 14 11 17 11 20 11 22 12 3 12 7 12 11 12 15 12 19 13 1 13 5 13 14 13 18 13 21 14 2 14 3 14 6 14 11 14 12 14 19 15 0 15 4 15 8 15 10 15 14 15 17 15 20 15 22 16 2 16 6 16 8 16 12 16 15 17 1 17 5 17 9 17 13 17 17 18 7 18 14 18 16 18 19 19 0 19 2 19 4 19 6 19 10 19 13 19 16 20 3 20 7 20 11 20 19 21 1 21 9 21 13 21 17 22 3 22 7 22 11 22 15 22 19
0
0
0
0
0
0
0
0
0
0
0
0
0
0
0
0
0
0
0
0
0
0
0
0
