101 0 6 0 8 0 20 1 5 1 11 1 14 1 17 2 1 2 4 2 10 2 13 2 15 2 19 3 2 3 5 3 8 3 12 3 16 3 18 4 6 4 10 4 12 4 14 4 16 5 1 5 3 5 11 5 17 6 1 6 5 6 9 6 13 7 2 7 6 7 8 7 11 7 14 8 0 8 4 8 6 8 10 8 12 8 15 9 1 9 3 9 7 9 9 9 13 9 17 10 2 10 5 10 7 10 9 10 11 10 17 10 19 11 4 11 12 11 18 12 0 12 2 12 6 12 9 12 10 12 13 12 15 12 17 13 3 13 7 13 11 14 1 14 4 14 5 14 9 14 15 15 2 15 6 15 8 15 14 16 0 16 2 16 4 16 6 16 12 17 3 17 7 17 9 17 13 17 16 18 5 18 9 18 14 19 3 19 6 19 16 19 17 20 1 20 5 20 13 20 15 20 19
0
0
0
0
0
0
0
0
0
0
0
