122 0 0 0 4 0 12 0 16 0 20 1 6 1 9 1 14 1 18 2 0 2 4 2 12 2 20 3 0 3 2 3 5 3 7 3 9 3 13 3 21 4 2 4 10 4 12 4 16 4 19 5 1 5 5 5 7 5 9 5 14 5 17 5 20 6 4 6 14 6 16 6 21 7 7 7 9 7 11 7 13 7 19 8 4 8 10 8 16 8 18 9 3 9 7 9 9 9 13 9 15 9 17 9 20 10 1 10 4 10 6 10 10 10 12 10 18 11 5 11 9 11 13 11 16 12 0 12 4 12 7 12 10 12 12 12 14 12 18 12 20 12 21 13 3 13 5 13 9 13 17 14 6 14 8 14 11 14 13 14 18 14 20 15 1 15 3 15 5 15 9 15 13 15 16 15 19 16 4 16 7 16 10 16 12 16 17 16 21 17 2 17 5 17 9 17 11 17 15 17 19 18 0 18 4 18 12 18 20 18 21 19 3 19 7 19 9 19 11 20 0 20 4 20 6 20 10 20 14 20 16 20 18 20 20 21 3 21 7 21 11 21 13 21 17
0
0
0
0
0
0
0
0
0
0
0
0
0
0
0
0
0
0
0
0
0
0
0
0
0
0
0
0
0
0
0
0
0
0
0
0
0
0
0
0
0
0
0
0
0
0
0
0
0
