147 0 2 0 8 0 12 1 0 1 4 1 10 1 14 1 21 2 2 2 6 2 8 2 12 2 16 2 18 2 20 3 3 3 9 3 13 3 15 3 19 3 22 4 0 4 2 4 6 4 8 4 17 4 20 5 3 5 4 5 7 5 10 5 15 5 19 6 1 6 5 6 8 6 16 7 3 7 6 7 9 7 13 7 15 7 17 7 19 7 21 8 0 8 2 8 10 8 14 8 18 9 3 9 5 9 9 9 12 9 13 9 16 9 19 9 22 10 1 10 2 10 8 10 11 10 15 10 18 10 20 11 3 11 5 11 7 11 10 11 13 11 17 11 20 11 21 12 2 12 4 12 8 12 16 12 18 13 1 13 5 13 7 13 11 13 13 13 15 13 19 13 20 13 22 14 3 14 14 14 17 14 18 15 0 15 2 15 5 15 7 15 9 15 12 15 16 15 19 15 21 16 2 16 4 16 8 16 10 16 14 16 18 17 1 17 5 17 7 17 13 17 15 17 17 18 1 18 3 18 6 18 8 18 10 18 16 18 19 18 21 19 0 19 4 19 9 19 13 19 14 19 18 19 22 20 2 20 6 20 8 20 11 20 14 20 16 20 17 20 20 21 0 21 4 21 7 21 9 21 13 21 15 21 18 21 22 22 2 22 10 22 12 22 20
0
0
0
0
0
0
0
0
0
0
0
0
0
0
0
0
0
0
0
0
0
0
0
0
0
0
0
0
0
0
0
0
0
0
0
0
0
0
0
0
0
0
0
0
0
0
0
0
0
0
0
0
0
0
0
0
0
0
0
0
0
0
0
0
0
0
0
0
0
0
0
0
0
0
0
0
0
0
0
0
0
0
0
0
0
0
0
0
0
0
0
0
0
0
0
0
0
0
0
0
0
0
0
