256 0 3 0 7 0 11 0 17 0 26 0 33 1 0 1 5 1 8 1 19 1 32 1 34 1 36 2 3 2 6 2 13 2 17 2 18 2 21 2 35 3 1 3 4 3 14 3 25 4 5 4 7 4 10 4 11 4 15 4 18 4 26 4 32 4 35 5 0 5 2 5 9 5 16 5 19 5 24 5 30 5 34 6 0 6 11 6 14 6 17 6 25 6 27 6 31 6 33 7 12 7 16 7 19 7 23 7 26 7 31 7 34 7 37 8 5 8 9 8 13 8 28 8 32 8 36 9 0 9 17 9 30 9 34 10 2 10 4 10 6 10 14 10 18 10 22 10 26 10 27 10 33 11 0 11 1 11 5 11 19 11 22 11 24 11 29 11 31 12 7 12 10 12 21 12 28 12 33 13 1 13 4 13 9 13 13 13 23 13 30 13 34 14 2 14 5 14 7 14 14 14 18 14 21 14 32 14 33 15 0 15 8 15 10 15 16 15 24 15 35 15 37 16 3 16 6 16 17 16 33 17 1 17 13 17 19 17 23 17 27 17 30 17 32 17 36 18 3 18 11 18 14 18 28 18 34 19 0 19 4 19 8 19 29 19 31 20 2 20 6 20 10 20 13 20 15 20 23 20 27 21 1 21 4 21 7 21 22 21 25 21 32 21 36 22 5 22 11 22 14 22 17 22 24 22 34 22 35 23 6 23 8 23 20 23 26 23 31 23 37 24 2 24 13 24 15 24 19 24 30 25 4 25 11 25 12 25 24 25 28 25 32 26 3 26 6 26 10 26 14 26 21 26 23 26 30 27 4 27 8 27 11 27 17 27 24 27 27 27 31 28 2 28 5 28 6 28 9 28 19 28 29 28 33 28 35 29 4 29 7 29 10 29 12 29 16 29 20 29 23 29 28 29 32 30 8 30 11 30 14 30 18 30 25 30 27 30 30 30 34 30 37 31 1 31 13 31 17 31 19 31 23 31 27 31 32 32 4 32 7 32 15 32 20 32 22 32 29 32 33 33 2 33 14 33 18 33 32 33 36 34 3 34 20 34 31 34 35 35 4 35 8 35 10 35 13 35 17 35 19 35 23 35 27 35 29 36 7 36 11 36 15 36 21 36 25 36 29 37 5 37 13 37 15 37 19 37 23 37 27 37 31
0
0
0
0
0
0
0
0
0
0
0
0
0
0
0
0
0
0
0
0
0
0
0
0
0
